intermediate_files/rent.ag
NCOLS 176
NROWS 399
XLLCORNER 436888
YLLCORNER 4612673
CELLSIZE 100
NODATA_VALUE -9999
[rows 230 to 252 of 399, columns 0 to 52 of 176]
-9999 -9999 -9999 -9999 -9999 -9999 -9999 -9999 -9999 -9999 6.71871625909227 6.71898742211564 6.71876590740319 6.71759455155387 6.71536239742706 6.71294806980785 6.7103375182369 6.70918601487415 6.70875626125801 6.70820213628494 6.70631908633078 6.70410751363366 6.70195745098723 6.70031426547944 6.69815389541585 6.69592070871761 6.69361701800005 6.69124583120263 6.68964410802386 6.68657291213888 6.68337879006127 6.68117415963706 6.67853932915235 6.67587308391246 6.67318493081207 6.66892201866136 6.66516459570375 6.6601304696346 6.65696721417439 6.65381885529002 6.64909139352502 6.64177528151571 6.64463526703742 6.6417242920333 6.63892238347837 6.63625103844705 6.63373222719445 6.6342303051544 6.62858587860098 6.62734866956393 6.62722086007464 6.62718062497558 6.62790597143279
-9999 -9999 -9999 -9999 -9999 -9999 -9999 -9999 6.7203008429518 6.71958660704112 6.7196933725099 6.71775827053754 6.71566852558295 6.71341267584776 6.71244075007011 6.71197334063181 6.71153377226772 6.70967608621173 6.70703356031555 6.70419810551032 6.70115706884882 6.70127984694707 6.70285294948797 6.7000835511216 6.69611034602596 6.69652507595431 6.69415007480484 6.69213642062172 6.68916672166979 6.68656466581138 6.68389459564376 6.68116182136913 6.67837263425603 6.6754996917097 6.67205332729232 6.66851573168293 6.66489473238094 6.66119960168841 6.65744113151568 6.65363169410594 6.64978528521746 6.64591754623634 6.64204576173444 6.6381888291708 6.63574738477504 6.63725925608809 6.63080495129794 6.62333964792818 6.61989069684007 6.61809438903638 6.61806435518709 6.62348506806758 6.62668707977206
-9999 -9999 -9999 -9999 -9999 -9999 6.71984219271155 6.72016947505089 6.71830883601342 6.71684679676778 6.71633755093396 6.71544877047753 6.71497370600715 6.71451600086987 6.71285022396602 6.71048587783222 6.70794602984523 6.70521877505628 6.70229145666819 6.7014422816336 6.70276534336598 6.70324358492731 6.69960595870728 6.69698101089443 6.69524128204762 6.6959646336592 6.69547399067018 6.6915918223657 6.68743329234314 6.6829816934066 6.67821978916011 6.6731299097615 6.66853155076048 6.67279523841738 6.67454896438574 6.6712191577125 6.66781631572921 6.6643493793568 6.66082865846768 6.65726587880672 6.65092604962089 6.65006829071312 6.64646419095625 6.64247601242606 6.63411826617869 6.62627272592588 6.63243549311477 6.62912830139942 6.62594582775557 6.62291166879961 6.62004975931445 6.6285216129641 6.63364264934656
-9999 -9999 -9999 -9999 -9999 -9999 6.72095897531598 6.71920337862494 6.71817920944262 6.71759038497062 6.71551686149888 6.71327557887848 6.71085360234466 6.70911244545026 6.7084732794139 6.70639817946252 6.70359941091222 6.7019265086703 6.70302475266525 6.70420881896268 6.70160910007156 6.69860721444637 6.6970873021583 6.6976221661825 6.6982546443189 6.69637637488965 6.69233069964304 6.68797122510573 6.68327543759334 6.67821952539119 6.67277839720155 6.67098734955995 6.67328987295922 6.67573814212806 6.67107693986693 6.67224844831068 6.67057860198198 6.6673226236378 6.6640211846321 6.6581738342161 6.653948950567 6.64637846912652 6.63836200515928 6.63103568868371 6.62687434789478 6.63036253213646 6.63225318946553 6.63450967273824 6.63156735301866 6.62876560834513 6.62612606184157 6.63324343906053 6.63425701742328
-9999 -9999 -9999 -9999 -9999 -9999 6.72005015589536 6.7182602522648 6.7163268048743 6.71423905786223 6.71268331338759 6.71040134349698 6.70780053898624 6.70499200014136 6.70200472425255 6.70216971433045 6.70036366522706 6.69958110331794 6.69883007999942 6.69880444806616 6.69849091659728 6.6968162103768 6.69624205886157 6.69475022813615 6.69169473425637 6.69000862566679 6.68832074576179 6.68663756091455 6.68233452872647 6.67730839911606 6.67344052390457 6.67546961425073 6.67320054649471 6.66762783008835 6.66167022613153 6.65845168912689 6.66544805563847 6.66482852261112 6.65806861045208 6.65081175250144 6.64302895715126 6.64472816258491 6.63988908297778 6.63284303138518 6.62839161722959 6.63309957360435 6.63848329824578 6.63951707008452 6.63679156495738 6.63419917004763 6.63175944877914 6.6326894336368 6.63931684825398
-9999 -9999 -9999 -9999 -9999 -9999 6.71846618860885 6.71670145941956 6.71465459778467 6.71244384125275 6.71005660579933 6.70747924995259 6.70472990999352 6.70313768458396 6.70097628493743 6.70091902323783 6.70092462167883 6.69989082986055 6.6989011317713 6.69911217531362 6.69533555484907 6.69124801534013 6.68728183174605 6.68652551184621 6.68477124897984 6.68056387169159 6.67849980568385 6.67643359625271 6.67437313659985 6.67587424252313 6.67113856421468 6.66831464333348 6.66459537219173 6.65844027244694 6.6573278422812 6.65670204314262 6.6562318893046 6.65559052201496 6.64818766977418 6.64249488783409 6.64585357558293 6.63793262962757 6.6332297056501 6.63437571740768 6.63486506076727 6.63920549245798 6.6442063511291 6.64418149281819 6.6416521360804 6.63924874186292 6.63698903916828 6.63655428786772 6.64402018293935
-9999 -9999 -9999 -9999 -9999 -9999 6.7142679736037 6.7132711192131 6.71217056242262 6.7098103945676 6.70726324245778 6.70471450471483 6.70342039666843 6.70328683776608 6.7032060577784 6.70090113800164 6.69959940880825 6.70053603367886 6.69921010481682 6.69550748794789 6.69150188969437 6.68716853825084 6.68248062571802 6.67740918082576 6.67550669191741 6.67438010522235 6.67383204290375 6.6731302343074 6.67252873393466 6.67203481151444 6.66787447621106 6.6642470694555 6.65872242711113 6.65222907341882 6.65141983138312 6.65389352201062 6.65357177694315 6.64606234592631 6.64029789824727 6.63858001802968 6.63698971891283 6.63557750752835 6.63563505782759 6.63650765263159 6.64028750893077 6.64193985464806 6.64329518475145 6.6448772209975 6.64612526193607 6.63623818879491 6.63731423264348 6.63990484507684 6.64358528108344
-9999 -9999 -9999 -9999 -9999 -9999 6.70974848660223 6.70905194601556 6.70736068614741 6.70611658001533 6.70576143276234 6.7055713217111 6.70380556618093 6.70088863888742 6.69945205026632 6.69804488218463 6.69661927346647 6.69517861919331 6.69372668491656 6.69187840631402 6.68764414314229 6.68306553533632 6.67937653638309 6.6769371281342 6.67647263247328 6.67508390031088 6.67374774066827 6.67247229273288 6.671265891763 6.66577118433853 6.65975034757898 6.65819139384956 6.65783414906946 6.65445472385725 6.65661302217337 6.65199017956252 6.64441202275533 6.642039494687 6.63999402776622 6.63899950664964 6.63771348624579 6.63720244427507 6.6414284508179 6.64168025715141 6.6457713949244 6.64735286597251 6.64862847321417 6.64862420630878 6.63911768934126 6.63512630013153 6.64152370837743 6.64456915671396 6.6478803578706
-9999 -9999 -9999 -9999 -9999 -9999 6.70854228292386 6.70824813013788 6.70710943795013 6.70444666098072 6.70330979362648 6.70338675024618 6.70163183896671 6.6999140620628 6.69675882079078 6.69336954808631 6.69067393038257 6.68922261105158 6.6877725401342 6.68632872062019 6.6837720573055 6.68044967161692 6.67874364412144 6.67697739719613 6.67522697391453 6.67349971747885 6.6718034026221 6.66972081282423 6.66423223050754 6.66205618506889 6.65991441657547 6.65781727882081 6.65748538897265 6.65380063593202 6.65082075674186 6.64320973864158 6.64234497078934 6.6378423755573 6.63191272283466 6.63538673988406 6.63903101331743 6.64283061567816 6.64370819059643 6.64159754642837 6.63984472151627 6.63957147621972 6.63950392673885 6.63964801632881 6.63318033506973 6.63796877641301 6.64409439990619 6.64241446495275 6.64365991237466
-9999 -9999 -9999 -9999 -9999 -9999 6.70875857155378 6.70715380139476 6.70508694984627 6.70358391927091 6.70218284482889 6.70042397593691 6.69876816412503 6.69706298299425 6.69581918509674 6.69399114108594 6.69263540620611 6.69127829234082 6.6880653148243 6.68458268498979 6.68163596816492 6.68187609449157 6.67983079808814 6.67776752144929 6.67569212089753 6.67361101264074 6.66837048204859 6.66403477431773 6.66259638087474 6.66123623216814 6.65996350476043 6.65952185381492 6.6571084396636 6.65003648780527 6.64507400298266 6.63810747104912 6.63186969391799 6.63372539777014 6.63632542019229 6.63495794258808 6.63205346963691 6.63026618066073 6.63949932829063 6.63957133073961 6.63604372734628 6.63431167815643 6.63645270680538 6.63576389745993 6.63701844067391 6.64209863439653 6.6453506898353 6.64636858071042 6.63935435671706
-9999 -9999 -9999 -9999 -9999 -9999 6.7084967565365 6.70620805727803 6.70437620475183 6.70453099161018 6.70307071349976 6.70153981121405 6.69996261271123 6.69828573564243 6.69667382039229 6.69473585538024 6.69120452082332 6.68969265276573 6.68548127387043 6.6843968830369 6.68224213077068 6.67945678549877 6.67657699270914 6.67360432244878 6.67184029875544 6.66739000009847 6.66415504561863 6.66084073180215 6.66111214492103 6.66221219915866 6.66150977727206 6.65665016893131 6.64960898224915 6.64203029929242 6.63387722970806 6.63497991767267 6.62868207042313 6.62504631847267 6.62144913412175 6.61790743764021 6.61443895858215 6.6132385074731 6.62137308872398 6.62115437042258 6.62116550521691 6.62616175414826 6.62619041322157 6.63159476830375 6.62950222337593 6.62500961485588 6.63245305770408 6.63276457035963 6.63053634459532
-9999 -9999 -9999 -9999 -9999 -9999 6.70557353240745 6.70569150564455 6.70385873623565 6.70193509488738 6.69991771551846 6.69780380059958 6.69559065007282 6.69327569400816 6.69085652920573 6.68840702675006 6.68684501917171 6.68371175709553 6.68152279431529 6.67887946599057 6.67636975002325 6.67380186884427 6.67117973841208 6.66850792321455 6.66579167026908 6.66298117409097 6.6602504270921 6.65743958782236 6.65461264344161 6.65194125806914 6.65315024816349 6.64950909377391 6.64199030653784 6.63654980748579 6.63421321155866 6.62564221453645 6.61644828751035 6.60780687484526 6.6056955497789 6.6055719782135 6.60377484765506 6.60802814077454 6.61246191309997 6.61705708469831 6.62179414674701 6.62665337340663 6.62860301317048 6.62254234189053 6.6147239245168 6.6124586157377 6.61236081136334 6.61251625262779 6.61475533112317
-9999 -9999 -9999 -9999 -9999 -9999 6.7031235136682 6.70136658059377 6.70005674621058 6.6987204691773 6.69735967952197 6.69597657123726 6.69457361569554 6.69315357405799 6.6903078447128 6.68925533174056 6.68627273879511 6.68237727533703 6.67821303170935 6.67368407542586 6.66900764707475 6.66567879409201 6.66582010681951 6.666040018014 6.66026294949479 6.65405837761435 6.65397276343606 6.65467905882719 6.65553357126054 6.65653652792798 6.64970746345767 6.64227399095314 6.63427511933852 6.62567192504036 6.62223647726897 6.61613854587753 6.60630892579143 6.60570457777516 6.60897823332048 6.6074309266627 6.60484064271092 6.60487883762525 6.61086078940061 6.61690436701531 6.62298697596603 6.62138380369817 6.62805759271382 6.6177113829256 6.6176767798428 6.61336574835611 6.60718064948125 6.60089425590559 6.59452621527308
-9999 -9999 -9999 -9999 -9999 -9999 6.70375041377163 6.7025330327353 6.70129016377448 6.70002347405231 6.69873486314018 6.69687786225535 6.69360323819299 6.69174510443219 6.69171332049245 6.68856360741237 6.68445326191135 6.68002318563967 6.67524814810141 6.67010092644582 6.66840263977458 6.66336806658007 6.66253517370761 6.66003108958803 6.65737660158851 6.65778850612219 6.65833551913265 6.65901917133995 6.65698040741082 6.6501749886323 6.64284940286759 6.63496656551211 6.62648762714937 6.61737215338766 6.60757839161950 6.60649988158562 6.60419045189726 6.60711893012397 6.6102598321302 6.61100248114151 6.6057465328892 6.61124829870762 6.61683305295998 6.62247972345662 6.61472294590148 6.60645830479948 6.61493518420584 6.61210596621622 6.62057491840917 6.61580706874156 6.6073675302736 6.59853699882169 6.58931757702293
-9999 -9999 -9999 -9999 -9999 -9999 6.70212620680059 6.70195285272962 6.70181961414785 6.69973460387328 6.69671780261282 6.69422083358557 6.69409691370842 6.69335921743791 6.68967933246393 6.68571601686693 6.68144713096827 6.67684875960915 6.67286477724203 6.67255739702848 6.66787927023935 6.66289444624819 6.66004084330283 6.65392649620337 6.6517440495485 6.65266806865694 6.65373470035965 6.6549429322077 6.65088321712762 6.64368527434872 6.63594028914576 6.62760972268748 6.6186533395921 6.60942462429154 6.60712484794273 6.60848139026686 6.61101372452738 6.61375318229648 6.6166897134843 6.61251366975413 6.61205730967092 6.61719618585603 6.61690886482575 6.6086275095511 6.59992526417118 6.59239319628269 6.603139427906 6.60942664503012 6.60931391814899 6.60041669167419 6.59109212551378 6.58134038129126 6.57116520293972
-9999 -9999 -9999 -9999 -9999 -9999 6.69952925576868 6.69717634811951 6.69689286990665 6.69665184442561 6.69515042778963 6.69503955225753 6.69436833382887 6.69082195872345 6.68700490545581 6.68289623237977 6.67847332238616 6.67616947811722 6.67599541409034 6.67113315924189 6.66589621659104 6.66250548121435 6.65726089117931 6.6516881171987 6.6515592501781 6.65155952115592 6.65169269065508 6.65180466903603 6.64475138754605 6.63716305291746 6.62900164935131 6.62022737600806 6.61419159130229 6.61084625464509 6.61281197459819 6.61498492149526 6.61735812519466 6.6199235441622 6.62137599329488 6.61409192571735 6.61795173529446 6.61176988112321 6.6031199064114 6.5940171151792 6.58622972098318 6.59676660629647 6.60694538346937 6.6016154285075 6.59410566595933 6.58432583121177 6.57408195747458 6.5633758918016 6.55221372709498
-9999 -9999 -9999 -9999 -9999 -9999 6.69935061487437 6.6984214471477 6.69671147811953 6.6935612361191 6.6901797226759 6.68781157193667 6.68763193553006 6.68751301856716 6.68436030796973 6.68011077062199 6.67928641434298 6.67621175701183 6.67140585264256 6.66835472179716 6.66706860822034 6.66219840899703 6.65702354352095 6.65579029005935 6.65569117082536 6.65571259556531 6.65291309004176 6.64601886550843 6.6386030820549 6.6306284343467 6.62205576607921 6.61888664547074 6.61549887856948 6.6171497206796 6.61899802682872 6.62103854407345 6.62326499970803 6.62567016184416 6.62277469658786 6.61572880060118 6.60837296358978 6.60070728001142 6.59273404679435 6.58445803262121 6.59102535623649 6.60099283997923 6.5981529593358 6.58845544028317 6.5847859963652 6.5719712202519 6.55827516192161 6.54469495193177 6.53252384768198
6.70731583937808 6.70505089087987 6.70261954271648 6.70196279970698 6.70161213615178 6.70129046255426 6.69920129431864 6.69677120081183 6.69375007582035 6.69042749310498 6.6885236009501 6.68553408231325 6.68336699356993 6.68292749300468 6.68175144559078 6.67909206168753 6.67655984816835 6.67202498453747 6.6717647477769 6.67130294642168 6.66677652494641 6.66197033843919 6.65980868199672 6.65962639958825 6.65955326541704 6.65418364172628 6.64746039140869 6.64023031712564 6.63245698607492 6.62410207013678 6.61891832804554 6.61671420231087 6.61884669800921 6.62115923900003 6.6236443435585 6.62629370552786 6.62808874837669 6.62025871885109 6.62047504294572 6.61741640255612 6.61031482037434 6.60292444083001 6.59524823782704 6.58729150737706 6.59564380009826 6.59351242968914 6.58347815773997 6.57291823928547 6.56912447543044 6.56713548049865 6.55333282573839 6.53863159483592 6.52300649529718
6.70562408978092 6.70417771770516 6.70381072661464 6.70346722706825 6.70253342236881 6.69989342234697 6.69706158475831 6.69402398896357 6.69076562544626 6.68727031535738 6.68668247146834 6.68561461469506 6.68244353209058 6.67909505606571 6.67611203517953 6.67466819834591 6.67193650584045 6.66972759872085 6.66883251350666 6.66732038266803 6.66584266505249 6.6636217272698 6.66301519408725 6.66167806571073 6.65559303514802 6.64905036317155 6.64201659336212 6.63445630239565 6.62633214751537 6.62211669455947 6.61312179270695 6.60347296053499 6.60599819213654 6.60890758548239 6.611990195629 6.61523493727255 6.6172537941457 6.61531748452825 6.61863458276702 6.61914738581051 6.61229435945609 6.60517236323821 6.59778494250706 6.59091002272626 6.58950368584162 6.57917750915986 6.5682977159463 6.55715431228526 6.55020719745523 6.56264184405834 6.54876664794105 6.53401246448963 6.51835792259751
6.70394195899653 6.70150600109912 6.6992365016304 6.69839527930957 6.69755902881763 6.69673019374424 6.69437384108737 6.69118418745695 6.6898626398782 6.6893264249902 6.68867879944052 6.68572891758886 6.68261575560368 6.67933190675562 6.67666380843047 6.67222186821184 6.66838032783592 6.66459680150282 6.66421125220545 6.66391383871257 6.66370838280649 6.6617391497823 6.65998190818362 6.6571196144872 6.65076499111771 6.64393575501302 6.6365976049077 6.62871431457442 6.62406929143125 6.61529474742876 6.60730444559459 6.60968251270723 6.61224030990523 6.61496925612588 6.61786001471958 6.61473383005611 6.60606485401615 6.59707291329087 6.6006435843295 6.60437752479693 6.60826074022234 6.60558639569714 6.59612855460312 6.59298919239045 6.58540988558612 6.57760929597633 6.5696006481667 6.56139985003974 6.5530255990469 6.54584796355123 6.54458025626235 6.52980811853248 6.51826849203934
6.70227239144866 6.69975370170526 6.69705442183662 6.6947362430736 6.69409728398901 6.69348182662893 6.69167379505992 6.68880309680997 6.68783507839164 6.68688483560372 6.68595579592884 6.68505150842378 6.68246220655235 6.6786306165514 6.67419600368059 6.67264531485898 6.6688924813931 6.66777990162765 6.66743445670092 6.66717196024441 6.6663221812471 6.66172983396808 6.65687324307348 6.65174033799846 6.64596371352217 6.63885440909283 6.63291892219542 6.62820528783551 6.62151265293491 6.61447497413757 6.61343842263685 6.61567354228267 6.6180762456222 6.62063878544216 6.61268639629702 6.60388435184803 6.59454703953935 6.58465322788684 6.58107430840253 6.58510709657962 6.58931024294391 6.59354124679662 6.59187939760601 6.59583865718881 6.58856747037602 6.58109318695997 6.5734287551513 6.56558958387919 6.55759362949736 6.54946145103127 6.5394930474338 6.52563007384763 6.51041325031328
6.70061830160087 6.69801901652502 6.69697194286628 6.69635734370122 6.69526732132213 6.69222563247306 6.6889665765249 6.68731561788876 6.68667036065312 6.68606099701961 6.68549074878338 6.6831463107481 6.67910881456276 6.67632753985406 6.67435644178874 6.67310117915328 6.67115866055365 6.67077469512545 6.67046546220938 6.67006267423063 6.66599952346593 6.66044608103434 6.6544823683495 6.64807845827887 6.64120254016406 6.63622113494609 6.62848925265986 6.6201948846876 6.61546457652189 6.61559399243444 6.61170877021228 6.6102844274683 6.60901160790337 6.60789899098076 6.6021957348571 6.59274819520799 6.5827298370258 6.5721191538547 6.56358002770769 6.57204549420545 6.58040867621624 6.5811848306006 6.57836750677649 6.58338960285943 6.58787768330195 6.5805764425629 6.5731024680828 6.56391637649335 6.5513676563284 6.53811075985419 6.52413532636269 6.5132836061379 6.49648883502384
6.69966446183833 6.69905901268734 6.69846880801256 6.69579522189626 6.69283146153602 6.69054897046402 6.68989047856174 6.68926055261604 6.68866212924824 6.68757382138853 6.68390333629752 6.68066821964257 6.67841288640888 6.67537294726290 6.67483457506782 6.67358719540754 6.67001142299119 6.66626080439457 6.66232969015394 6.66018627460916 6.65930906694895 6.65644683701879 6.65026002834928 6.64362010412884 6.63649473145171 6.62934615026436 6.62302395678862 6.61954018539785 6.62105035713446 6.61678622304323 6.60980251065477 6.60249522881714 6.59485982975268 6.59032226393683 6.58912629767098 6.5813551988888 6.57064706550354 6.56210697755374 6.5701430364166 6.5781117420825 6.57959057210224 6.56855457369718 6.55696980710328 6.56243110073433 6.56802953277384 6.56260736057267 6.55433476653202 6.54589265485671 6.53730207473624 6.5234131306549 6.50864217347415 6.50278468899516 6.48553247348795
