intermediate_files/rent.ag
NCOLS 176
NROWS 399
XLLCORNER 436888
YLLCORNER 4612673
CELLSIZE 100
NODATA_VALUE -9999
[rows 69 to 91 of 399, columns 53 to 105 of 176]
6.4862888976575 6.49184214730848 6.49765024626177 6.50282871773497 6.50756185473395 6.5119918264799 6.51718191217704 6.51814438661285 6.51906281078802 6.52131191863256 6.52291027704371 6.52470890180841 6.53015314633197 6.53362320072768 6.54265746503314 6.54371643575311 6.5463347137338 6.54637059583002 6.5458717647167 6.55677425989762 6.5608925062141 6.57005763967141 6.5790122171972 6.58529332460864 6.59127258219503 6.59659028956918 6.60108838482853 6.60469187648487 6.60830095731957 6.61283356406509 6.61679238839706 6.61916196796922 6.61746257227737 6.61680562552445 6.62518821325303 6.64126525110439 6.65875076201979 6.67893087292174 6.68665237433237 6.70199240412081 6.70454216825029 6.70077927004923 6.69585301829923 6.69451949346864 6.6936558436168 6.69515213693898 -9999 6.69849713846223 -9999 -9999 -9999 6.70629819941981 -9999
6.48801320392413 6.49516245872862 6.49825454233134 6.50220636854129 6.50829306929076 6.5142315333624 6.51784472513672 6.51845169389797 6.51830513226643 6.51664518059015 6.52206501210977 6.52293468463443 6.52404474618261 6.53294386944627 6.5352548923049 6.53870711625461 6.5431866532481 6.53771495732506 6.54763425174307 6.55288842224202 6.56182515338451 6.57071690490057 6.57897762306687 6.58689437907948 6.5936593024752 6.59939675139973 6.60422664589629 6.60836594497344 6.61261955320972 6.61623206090913 6.61834000800381 6.62037249679702 6.61901468668141 6.6186538913316 6.62078149942904 6.63314930736483 6.64633292546124 6.65539176195205 6.66784822299082 6.68213120204487 6.68957021289525 6.69061306559205 6.69380194245619 6.69470137841086 6.6979820286368 6.69793239452475 -9999 6.70199641611907 6.70373798487296 6.7056744694217 6.70770943382932 -9999 -9999
6.49158689174757 6.49644711833817 6.50066601123135 6.50578509554401 6.51023308264243 6.51372606497087 6.51825643628469 6.51951110132245 6.51894353592124 6.51909264111861 6.52033951496104 6.52333193262029 6.52645378853967 6.52006671174885 6.53339060455492 6.54222946948782 6.54397622914711 6.54251781476296 6.545874985885 6.54799965615921 6.55807947433786 6.56836201888728 6.57865286172672 6.58859771198324 6.598099821459 6.60387690211741 6.60757281156618 6.61244888366627 6.61813811836747 6.61915511183474 6.62029881918001 6.62005989165897 6.62067300311386 6.6200186609399 6.61699904257629 6.62083107626757 6.63045675679458 6.63353539233164 6.64975106692489 6.66798770282934 6.68168156639001 6.68823848279725 6.69258929469078 6.6994629166982 6.70055294334172 6.70159264243829 -9999 -9999 -9999 -9999 -9999 -9999 -9999
6.49179381157555 6.49831361887694 6.50427045714666 6.51070647806386 6.51261150521847 6.5168685496209 6.52052272443446 6.52348506871619 6.52206739942182 6.51920699517382 6.52755057732202 6.52495811989507 6.51764504616745 6.51344535880822 6.52805168136858 6.54310240271843 6.54533816116854 6.53880817098268 6.53332644046798 6.54160936025022 6.55917280477056 6.57128550772546 6.5816959497589 6.59095986111477 6.59914838308972 6.60575871346278 6.6110335816573 6.61559005641191 6.62021013252363 6.621516951963 6.62540228402485 6.62278376675262 6.62073097330031 6.61717542924564 6.61295228534481 6.6199050193052 6.62402112402199 6.62866190313905 6.63943816173112 6.65924108622442 6.67489633444017 6.6855304388447 6.69502070633435 6.69885360552024 6.70165667838852 6.70506973423617 -9999 -9999 -9999 -9999 -9999 -9999 -9999
6.49506918997594 6.5011214445152 6.50719287170658 6.5129074570533 6.51409764166956 6.51920792913586 6.52444265262943 6.52580477983273 6.52709206921993 6.52460645350006 6.52920045161904 6.5318676735966 6.52899722951593 6.51979465105946 6.52003042955115 6.53453763425367 6.54557308001328 6.53130324256484 6.52935726491288 6.54314218471495 6.55915959213984 6.57381577053378 6.5830329626552 6.59334736712982 6.60259338591316 6.61065156998313 6.61494722796657 6.619239538323 6.62351349877436 6.62514505767384 6.62466751960033 6.6230474773584 6.62080938821059 6.61429949046539 6.60993616926625 6.59615290833615 6.60992041700783 6.61677677156593 6.63244415452526 6.65065160297396 6.67162010644359 6.68718802381192 6.69521778079606 6.70356814115449 6.70608432091952 6.70776816993279 -9999 -9999 -9999 -9999 -9999 -9999 -9999
6.49857932106191 6.50213792800132 6.51148781326571 6.51428934816918 6.51853200772784 6.52038258500423 6.52496665506317 6.527773341723 6.52805706621996 6.53167897696812 6.53503226306601 6.5344826094462 6.52951803353259 6.52377426592305 6.52595583151949 6.52728548076315 6.54936759605908 6.53806499205044 6.54122491363709 6.54638428317905 6.55367489564018 6.57912283518667 6.58355809807748 6.59709034650772 6.60644868842805 6.61346281398035 6.61884364098199 6.62292335928637 6.62587634703437 6.62753141424456 6.62774807414682 6.62131934226635 6.6198969450549 6.60895456942106 6.58788301730541 6.58060801094548 6.59320247154414 6.60214144481051 6.6250535423384 6.64777875859555 6.67042366715077 6.69453734514348 6.69959463660101 6.70644377610745 6.709259631235 6.71186159128949 6.71314333872461 -9999 -9999 -9999 -9999 -9999 -9999
6.4983012505968 6.50480078812238 6.51253735570363 6.51517210151872 6.51974838100953 6.5227210632382 6.52574475586458 6.52862406748592 6.53086128437419 6.53151484061115 6.52781412618914 6.53551846025981 6.53516826586891 6.53392220164425 6.5371080830382 6.54412207780637 6.54925470914999 6.5529613275354 6.54247943336753 6.53883157302207 6.55539114062291 6.57672658925986 6.58452789731483 6.59859640361781 6.61047150946871 6.61949677592133 6.62543251598053 6.6284892023954 6.62961946340633 6.63092181490151 6.62912789661965 6.623986164265 6.62232697821227 6.6109011838448 6.59721518328659 6.59287756697021 6.58859976499946 6.59953268661811 6.62626316361048 6.64595042830591 6.66632591945053 6.69809482963405 6.7064618274988 6.71267341869304 6.7178884970746 6.71997445876349 6.72002925023688 -9999 -9999 -9999 -9999 -9999 -9999
6.50180013033242 6.50644834846396 6.51126911955036 6.5151768571069 6.5178280528213 6.52305348127523 6.52733694651135 6.52928345314866 6.53232334437962 6.53453726375325 6.52908742171066 6.52699694705633 6.53034755606556 6.52920438834693 6.53793868947212 6.54343180444266 6.55356801822537 6.5525504863344 6.54789512129375 6.5540012638042 6.55969837558747 6.56646499580047 6.58328952418188 6.59698008069426 6.61303694458849 6.6257559510695 6.63319015521085 6.63754118953856 6.63545723925741 6.6349457528212 6.6335406723966 6.62494581173239 6.62206544834916 6.61550870040685 6.6044057441439 6.59571053703445 6.5865616085452 6.59683452950116 6.62199203805086 6.64653762551881 6.67025995880818 6.70318262763776 6.71078889316346 6.72440328751862 6.72829560749461 6.72665746415695 6.72503311154556 -9999 -9999 -9999 -9999 -9999 -9999
6.50006856050707 6.50585744666487 6.51160898248872 6.51468728841945 6.51817331248094 6.52661343422152 6.53077609710823 6.53348686865618 6.53094875785615 6.53134529017267 6.53163761824806 6.52797926719436 6.52759960406725 6.53287878564587 6.5444189300241 6.54250491502908 6.55776362122769 6.5506490921605 6.55633682834734 6.56039319102172 6.5667754975505 6.58207197184792 6.59211832782550 6.60083988091609 6.61127976196811 6.62581882210239 6.6385697614622 6.64425129170616 6.64148246677926 6.6403251035203 6.63832041278764 6.63214734797591 6.62224337056031 6.61484439222288 6.59604736886513 6.5840722361112 6.58624427803682 6.6006246926165 6.62079617656347 6.64472710490719 6.67165861135461 6.70022001973512 6.72317470260173 6.72923761396701 6.72951562973927 6.73247960222433 6.73998079380956 -9999 -9999 -9999 -9999 -9999 -9999
6.50088098091524 6.50882749935838 6.51323658908597 6.51889701005556 6.52558313893586 6.53120876328355 6.53305834833898 6.53353114526024 6.53547638706888 6.5325305965255 6.53167188542924 6.53370580280577 6.54080647723738 6.53996317641295 6.54112715202652 6.54563604505881 6.55434512684882 6.55833638185159 6.55887386520362 6.56971041065986 6.57320684222976 6.58137520252108 6.59792301118126 6.60714163920552 6.62377386106741 6.63101775008402 6.64322987234454 6.65152402881294 6.65274979278583 6.64939080140946 6.64566346922826 6.63971468144156 6.62937545401257 6.61887134282502 6.59969679896492 6.58396589694762 6.59275656565665 6.6008582262261 6.61721087079871 6.63714870017044 6.66801290285872 6.69926485193374 6.72160822567484 6.73359880148376 6.74421238469429 6.75900315703098 6.75261878511733 6.74514360486971 -9999 -9999 -9999 -9999 -9999
6.50622327995487 6.51268335383228 6.51932018905894 6.52491977804319 6.52883175155353 6.53591240733132 6.53713717781323 6.53706257527578 6.53451842350501 6.5328491688024 6.53444612204138 6.53607677983837 6.53789094939376 6.53934820331399 6.54234134982182 6.55718529805895 6.5612112735423 6.56154651501842 6.56299611920852 6.56831952019327 6.5855975004633 6.59421300262579 6.61205828767192 6.61825187250298 6.62742402139977 6.64209352098261 6.65157395801013 6.65882477782567 6.66206293856999 6.65880957954148 6.65464451857992 6.64904793911955 6.64018428952667 6.62592710871658 6.61167064643102 6.59559932112884 6.59551020647122 6.59955439734405 6.61541342169655 6.6385385961914 6.66834716655726 6.70016109418914 6.72987660850506 6.75112875483173 6.77819211797148 6.76221803778189 6.75589845342612 6.75351170819986 -9999 -9999 -9999 -9999 -9999
6.5071200396189 6.5135059302959 6.52284082054217 6.52912923608248 6.53242642769619 6.53867926563054 6.53830258007306 6.54102638013554 6.54102653595448 6.53958183052705 6.53709651870443 6.53702585305195 6.54121714716474 6.54745250213147 6.55136049258256 6.56156943073945 6.56523130255851 6.575537800911 6.57159639805527 6.5788361864979 6.59111637647128 6.60059253808649 6.61562432960233 6.62854174908157 6.6405595972828 6.6508429457296 6.65994245208062 6.66719255749461 6.67125206185048 6.67159746156468 6.6713720286285 6.66885442257552 6.6547321899602 6.6372962861058 6.62398478135068 6.6047223459455 6.5991156509755 6.5978758400856 6.60406291268564 6.62245877946579 6.67042589470605 6.70822008601123 6.73939440135845 6.77587100525681 6.77513035989606 6.77781438820983 6.76887827428789 6.76263414635248 -9999 -9999 -9999 -9999 -9999
6.50653647309876 6.51581849601298 6.52269540670015 6.53056720463449 6.53554574510973 6.53952065088254 6.54088972443495 6.54238781283536 6.5404768174928 6.54275286358699 6.54283075888575 6.54166464177524 6.54237604026624 6.54978484187425 6.55751267742088 6.56301909801281 6.57133671550986 6.57443348277502 6.58324611142795 6.59343610519789 6.60510540050004 6.61540313177739 6.62789257374282 6.64009145478408 6.65082927118246 6.6603517649906 6.66960307266199 6.67923425806245 6.68450975631461 6.69198670343448 6.68669750754263 6.68281919908201 6.66541893954453 6.64728541016789 6.63091067553917 6.61406186153326 6.60903810940056 6.60338735718496 6.61201898322295 6.64303996943368 6.67741914495675 6.71784544096393 6.7625070789924 6.77657204622979 6.78860600667499 6.77463474558147 6.77642040968415 6.77312261576331 6.77358490224022 -9999 -9999 -9999 -9999
6.50505589040168 6.51387864988563 6.52107160501913 6.53105698915185 6.53771260164984 6.54032146437932 6.54295666280248 6.54191601266053 6.54198002725163 6.54165614262468 6.54194834583719 6.54514104686796 6.55082320915279 6.55633593858919 6.56318242173202 6.57028181536825 6.57955624415194 6.58566810643755 6.59340958628049 6.60429393719215 6.61472141416761 6.62686729353533 6.64144018458048 6.65567816676131 6.66141667275066 6.67191208154346 6.68003435071451 6.68867191897178 6.69304413616111 6.70485234146892 6.71359744598707 6.69473626105342 6.67813144151762 6.6567478359767 6.63981472608627 6.62201062946638 6.61318045344684 6.60780464541518 6.61915782739896 6.64462697410543 6.68017063340512 6.72298633208511 6.77497925320504 6.78313782042226 6.80585300225627 6.78428524919583 6.79258179637239 6.79769300921832 6.7833856353832 -9999 -9999 -9999 -9999
6.50558884315252 6.51164562750334 6.52068896679985 6.52922378711752 6.53466477067822 6.53858995137924 6.54248917706094 6.54210337575383 6.53987035933598 6.54145303979346 6.54520972547642 6.5500473314557 6.55108368650071 6.55508113053775 6.5647986744383 6.57369079903587 6.58440692160767 6.59057559587673 6.60094076527061 6.61199423242496 6.62343285490797 6.63654047100977 6.65587664362776 6.66774581006143 6.6755477056642 6.68212585435301 6.68619598493041 6.69096884098504 6.69461531132253 6.70939289181374 6.70630135290144 6.69616737759799 6.67822598940753 6.66212508783704 6.64561326219896 6.63377142758517 6.63577582591286 6.62511511095404 6.63607099090911 6.6540352345196 6.68495511694572 6.72339733145642 6.76927644685787 6.82280896325675 6.82640120129594 6.81011182856358 6.81543608951524 6.79411580032458 6.79147755801124 -9999 -9999 -9999 -9999
6.50700043020416 6.5132228988874 6.52242685757402 6.52736358816545 6.53296624387864 6.54101155718505 6.54399105084376 6.54296308819184 6.54233904031592 6.54106228302467 6.54544713829955 6.54539551958529 6.54767448829589 6.55813906360833 6.56978986841042 6.57929977921744 6.5865429413099 6.59573222125242 6.60734328093446 6.6196677836027 6.63078013317896 6.64460408112163 6.6573518178043 6.66745953577353 6.67562127796041 6.68002838739508 6.68445880041467 6.69105839619682 6.69803350952715 6.70497215495531 6.70388222483805 6.69915211540242 6.68208506296513 6.66764750918559 6.6515503061918 6.64285615600492 6.63892755424662 6.63265443615576 6.6430886472426 6.65112174655684 6.68234885859338 6.7212425991921 6.76255851800902 6.83411497677872 6.83007454098535 6.8121572663055 -9999 6.80646778493622 6.80760142036606 6.80527451322602 -9999 -9999 -9999
6.50860083289136 6.51594809549871 6.52187997756069 6.52786279428504 6.53366989334081 6.53919258552621 6.54450527575704 6.54459015068316 6.54381197168253 6.54351481805061 6.54127475175369 6.53963509011944 6.54581822914341 6.55867417205189 6.57071589007147 6.5804531507575 6.5897136016612 6.60047955617879 6.61485315637467 6.62570512989634 6.63561102500756 6.64988696540975 6.6678035638801 6.67614333476193 6.68131911406205 6.68682231613587 6.68938109999831 6.69445059857603 6.69487195622331 6.70044705504282 6.69858617824044 6.69300942997885 6.68504367032715 6.67409461069798 6.66107544997604 6.65747784545205 6.65022569256744 6.64318494090968 6.6527559781551 6.66520780810303 6.6850269743336 6.71010206103624 6.74627601223448 6.78324975578003 6.81797240380418 6.81588576107498 6.82029923745338 -9999 6.81369594883298 6.80859079093863 -9999 -9999 -9999
6.5062387589023 6.51358129583407 6.52003822837824 6.52736216886719 6.53499725270718 6.54019420231859 6.54538366519169 6.54671398117253 6.54502904530981 6.5407491270351 6.53499148190654 6.53128484774178 6.54184039019528 6.55634431643541 6.57193762402281 6.58209299215562 6.59174682837755 6.60304516164046 6.61674033973705 6.63082921616655 6.63958859943114 6.65142610431153 6.6621520066313 6.67341781119031 6.67992671013134 6.68145405162097 6.6845348969505 6.68864663221922 6.69185276886324 6.69599118741214 6.69543712041294 6.69367791486888 6.68880632874824 6.68162361465568 6.6720530941394 6.66426991546504 6.66092530904463 6.64863540295543 6.64500673263548 6.66334358959518 6.65947415824466 6.70248226304234 6.73430968954126 6.7612943127606 6.78149419243447 6.8001711261204 6.80138160168573 -9999 -9999 -9999 6.80479395385887 -9999 -9999
6.50341171846566 6.51009558128132 6.51650641981384 6.52616008279056 6.53547699967716 6.54088937424026 6.54478588221722 6.54615130010014 6.54371854236962 6.53730603325925 6.53146529199617 6.53048046620781 6.54609984071041 6.55786492160108 6.56988171852654 6.57881661253373 6.5921289645959 6.60438550222882 6.61860903863189 6.63336986123781 6.64217824730888 6.65148477411743 6.65974398879197 6.66565709533064 6.66990653677768 6.67329924613683 6.67774972184674 6.68246020829857 6.68831085365833 6.6928410017996 6.69652937004712 6.69413302285836 6.69438364785847 6.69000641233121 6.68188439090567 6.6739125270117 6.66691558433224 6.6582470414786 6.65918601105082 6.6714388990547 6.66750113424559 6.6763661105075 6.7248738238576 6.74736843997354 6.76850685538987 6.78645990042268 6.79707620521418 -9999 -9999 -9999 6.81623377200376 6.81691212423863 -9999
6.49846896480486 6.50544692051036 6.51292305056241 6.52209840440104 6.53051864125599 6.5357272861525 6.53965440744238 6.54096630521815 6.53845618694521 6.53547078035744 6.52901384466748 6.53076405884084 6.54477484053009 6.55565208788223 6.56534906669925 6.57844358560489 6.59371959634185 6.60425931207343 6.61825561927045 6.63245187344802 6.64220823822362 6.65131621109339 6.6587122704914 6.6649697121629 6.66713685639708 6.67193872253493 6.678504699166 6.68366813180318 6.68927239665699 6.69382038640503 6.6981356795004 6.700796079395 6.69985812246867 6.69979320247182 6.69620685445783 6.68676246263652 6.67901637817598 6.67131161277455 6.67439166573927 6.6771206436723 6.68852095586583 6.69146581772609 6.72164567043243 6.74425285349608 6.76134896380892 6.77880328735662 6.79424074637809 6.8067939511252 -9999 -9999 -9999 6.82255316856515 -9999
6.49375793177304 6.50197515918543 6.51011153802226 6.51934618410593 6.52706663611553 6.5315505597136 6.53587307731466 6.53531129022671 6.53758263948786 6.53668514037682 6.52455797208298 6.53054617207373 6.54283242207819 6.55312518246414 6.56034460048357 6.57741272027581 6.59102005789237 6.60610256669492 6.61777437810948 6.63102091911911 6.64318188736648 6.65162208444485 6.65519194771982 6.66077683980604 6.66652429169099 6.6719257758718 6.67551135844275 6.68536198616383 6.69215089628665 6.69663559910736 6.7022015878886 6.70759784408107 6.709778094037 6.70896303124108 6.70334833148851 6.69685252090997 6.69132939934797 6.68706525847074 6.69091447086081 6.69523238489809 6.70625491269186 6.71136485914492 6.72151515310966 6.74145173921387 6.76210270715173 6.77770244231975 6.79437670802354 6.80972931193061 6.82216252705744 -9999 -9999 -9999 -9999
6.48767485358869 6.49696093744297 6.50666732693951 6.51402052870796 6.52467431623763 6.53085681908408 6.53304074776421 6.54319815425418 6.54552145479617 6.54099048086318 6.52984906852446 6.51751248865597 6.53689307945551 6.5475033275666 6.56616370345648 6.57072624070327 6.58962392517369 6.60424466103833 6.61909690234904 6.63168365620494 6.64552724031503 6.65335669269782 6.66299839845924 6.66460475366121 6.6662518808256 6.67566969087013 6.67992587367837 6.68902737719635 6.69101229975875 6.6984669991818 6.70902918395693 6.71538640075801 6.72495698204273 6.72299182027646 6.71418132622236 6.70772275435223 6.70072654436802 6.69899611340133 6.69972698966544 6.70390243563173 6.71352548718405 6.72067736132544 6.73570917569796 6.75038830804536 6.7664463092061 6.78459674133143 6.800655151618 6.81758211965222 6.83166480393844 -9999 -9999 -9999 -9999
6.48541127429511 6.49158711775025 6.50111936141001 6.51217295124246 6.52126013506138 6.52786953265383 6.53038949249591 6.53458346633504 6.53976850144237 6.5486093882226 6.54071500845255 6.53023402403857 6.533098798875 6.54221641417213 6.56413635966763 6.57619150428815 6.59276551379758 6.6057137836855 6.62133092812768 6.63631439227202 6.65076869827389 6.66010530524211 6.67122719677565 6.67588043873254 6.67051266381028 6.68077515688299 6.68613101732187 6.68906499391891 6.69594256480826 6.70751929563866 6.7183631537881 6.72663848925272 6.72474161586895 6.72511934163914 6.71823784263725 6.71285870226397 6.70830630947238 6.70679930594309 6.70949139140557 6.71327912732169 6.72094793092292 6.73058543220315 6.74253554113629 6.75833903030849 6.77328741095282 6.79051275614921 6.81046060038008 6.83013488696667 6.84562189049705 -9999 -9999 -9999 6.85088115594118
