intermediate_files/rent.ag
NCOLS 176
NROWS 399
XLLCORNER 436888
YLLCORNER 4612673
CELLSIZE 100
NODATA_VALUE -9999
[rows 92 to 114 of 399, columns 0 to 52 of 176]
6.34029476232423 6.33930148999471 6.34067222119179 6.34237145547849 6.34089561888708 6.33826910654744 6.33534573262453 6.33310045166614 6.33154853206604 6.33083055173136 6.33051801651026 6.3305627402575 6.33057791046081 6.33054684436435 6.33069545486748 6.33038215957874 6.33063203339471 6.33051882250677 6.33146254770273 6.3335201898939 6.33458575973717 6.33510439788961 6.33524629274033 6.33693506279929 6.33550991929239 6.33497717452764 6.33510738527901 6.33671622464747 6.33560477312359 6.33239870230029 6.33179720605332 6.3319709340003 6.33425028528286 6.33661253813738 6.33724399053868 6.33781281657075 6.33898083432283 6.341005925294 6.34545033007202 6.3520893181881 6.35648593375915 6.36240606221473 6.3692018920192 6.37706201732229 6.3857754914478 6.39564881961084 6.40566016439506 6.41889937922851 6.42742276125781 6.44179727050841 6.45328949814526 6.45966370554284 6.46858769552958
6.34186510462865 6.34258792415092 6.34251443727743 6.34268742813905 6.33951329570655 6.33588767593774 6.33292368646879 6.33064640257687 6.33003020287277 6.32873440459787 6.32806766620518 6.32793617716272 6.327976821795 6.32841601097167 6.32834035431374 6.32831087769117 6.32943622472617 6.32942083173587 6.33108629868036 6.33288457580585 6.3301328667427 6.33049322759284 6.33154891968984 6.33210168193932 6.3311008099245 6.33082261731031 6.32976350949074 6.32892044731101 6.32825267633742 6.32635629629475 6.32300956206823 6.32192153473793 6.32558306775328 6.32608859258668 6.32835819577204 6.3309383456462 6.3296560978702 6.33476517444838 6.33835589895993 6.34303210104065 6.34843293552445 6.35435478652568 6.36101566746415 6.3676217511017 6.37544637700308 6.38461297790267 6.39394848548651 6.40674523343472 6.41871320384581 6.43091384358277 6.44309824633418 6.4524409971431 6.46192654347945
6.34072171014584 6.33689473651635 6.33574122835396 6.33573669587478 6.33595183255691 6.33363480258044 6.33059297119874 6.32966604491523 6.32840226606833 6.32674374117563 6.32567890572325 6.32516688984995 6.3255324461195 6.32711728438336 6.32624489015156 6.3277183683818 6.32967617324577 6.32956428503726 6.33078757402375 6.33026080342144 6.32847961392001 6.3265405129465 6.3261614817363 6.32766914867734 6.3266235551016 6.32432577123657 6.32171255771123 6.32031571591555 6.31900639904924 6.31740018529549 6.31597146741648 6.31468077698498 6.31563952277993 6.3161958086134 6.31773007380793 6.32101541100246 6.32342209157791 6.32763717567615 6.3311500996219 6.33726122738353 6.34261533203404 6.34867635182931 6.35498850136701 6.36144846555337 6.3678248521651 6.37602447318891 6.38491503732498 6.39636504185661 6.40610230634392 6.41731245748127 6.43009783327854 6.44442090156824 6.452192677117
6.34151330345852 6.3373770194088 6.33375351141874 6.33065681409927 6.3292840366204 6.3295465781997 6.32906536304583 6.32963370625091 6.32699856005217 6.32494603931192 6.32345212900708 6.32305111380782 6.32364697169905 6.32468888194481 6.32458768183377 6.3281599792881 6.32817502857193 6.3298074859352 6.32935361136583 6.3265263535069 6.3235487525489 6.32149236514226 6.32026678401714 6.32208720444974 6.32085279286688 6.31823646997352 6.31544430254715 6.31174779179489 6.3097925465494 6.30716570304782 6.3084617476146 6.30555965247256 6.30362122852895 6.30514679678394 6.3068989433826 6.31140838564317 6.31570092791679 6.32117470087934 6.32576264542289 6.33140278406967 6.33762405747582 6.34418880299056 6.35042659104541 6.35618050160074 6.36270768520287 6.36928581840129 6.37729792552002 6.38587727941675 6.39560011013739 6.40605977954206 6.41906011741371 6.43103473205525 6.44600376187252
6.34275968486206 6.3383172838018 6.33435421207153 6.3308839649243 6.32791191808571 6.32915750630925 6.32620522242165 6.32420732134974 6.32486917799285 6.32343590739462 6.32174405307263 6.32256638470071 6.32379708075843 6.32432453557799 6.32549103418289 6.32764427601117 6.32777490101137 6.3269547657288 6.32378166489021 6.32088547442956 6.31816419773267 6.31814388062927 6.31483199336556 6.31568200390782 6.31350210814753 6.31068179125357 6.30786683784895 6.30535409744617 6.30150287118127 6.29691201868497 6.29822115345188 6.29875011011094 6.29494671739367 6.29501465861358 6.29751449704525 6.30125226670714 6.30765342907928 6.31400787292206 6.32044995633335 6.32689576686281 6.33331672806971 6.34196172637407 6.34904820793214 6.35245757621739 6.35788721234294 6.36405191499597 6.3705408942222 6.37798655911191 6.38721875960506 6.39790029479178 6.41057682343698 6.42381928649438 6.43708644146406
6.34450975358507 6.33977229890094 6.33548076526986 6.33164823806137 6.33006273714563 6.3277611456579 6.32420347545727 6.32235689613416 6.32116460103256 6.32150768681577 6.3220840288122 6.32295155823311 6.32417984579953 6.32572371104396 6.32711612291986 6.3267389609849 6.3237153823762 6.32163813147431 6.31840193461614 6.31539341813837 6.3144387472182 6.31424342194178 6.31192177380302 6.31051258806723 6.30690290097287 6.30332608756427 6.30284334767508 6.29887966389106 6.29274384154415 6.29148181442195 6.28920080963204 6.28724638047917 6.28913950560899 6.28898659759886 6.28805072163662 6.29166567808195 6.29954522229718 6.30816720139597 6.31596762871205 6.323577848116 6.33183532429757 6.33866855433167 6.34789352265294 6.35040038905878 6.35425772244242 6.36070122467277 6.36651102505354 6.37170846625828 6.37914668278336 6.38749173553893 6.39881001265254 6.41284635621629 6.42808948894025
6.34680789081458 6.34179362850478 6.33719286315166 6.33301845375997 6.33060871544895 6.32618206583331 6.32419225149047 6.32239733333424 6.3227339580172 6.32333375951335 6.32424170231243 6.32551274596532 6.32691890066496 6.32538540414767 6.32236803378912 6.32248004635366 6.31982209591966 6.31650448819884 6.31316771006133 6.31248035922154 6.3109322962477 6.30925547966645 6.3068176325831 6.3053994313084 6.30249856843854 6.29923266917623 6.2958477276314 6.29075236513849 6.29144783364982 6.28821857958003 6.28234804264269 6.28597096139588 6.28328609640299 6.28047820273527 6.28093479531833 6.28537845502282 6.29255913744951 6.30325145361223 6.31383462662372 6.32346776359299 6.33330287670201 6.34111299687634 6.34577605127047 6.34830212532557 6.35364187445293 6.35841908273505 6.36265740734429 6.36638804923439 6.37269491170513 6.3797205885255 6.39058946469956 6.40470647569827 6.41757289355195
6.34969260691538 6.34442604922536 6.33954230692426 6.33505424790933 6.33096875391591 6.32757802342524 6.32510865691634 6.32535998859976 6.32590413783745 6.3267763257088 6.32802004912228 6.32931461013324 6.32546344687442 6.32201462578433 6.31780993067208 6.31443093089027 6.31525098427211 6.31152132045895 6.3085876221047 6.3082358565329 6.30544867931898 6.30288281573768 6.30029164430472 6.29903440582239 6.29809397086681 6.29324510158282 6.28933481193205 6.28744775249989 6.28317637588882 6.28090381221864 6.27907262358106 6.27852829494676 6.27529793913296 6.27334840837951 6.27496203746855 6.27942323900621 6.28706175164992 6.29907265548413 6.3109326495507 6.32080018480922 6.32736007854604 6.33640330858483 6.34694318501917 6.35021799465371 6.35391242196019 6.35607183961424 6.35793543689242 6.36124017435777 6.36742778292614 6.37299720176993 6.38389079342166 6.39427082489988 6.41036691962306
6.35319549808684 6.34680785756153 6.34093861054558 6.33780454046877 6.33258983668502 6.32939862426216 6.32943576128561 6.32985654405785 6.33062508493417 6.33161474899283 6.33128078888315 6.32761733151956 6.32373240664056 6.32046063286501 6.31682636771364 6.31311416120578 6.3097135803586 6.30693679074757 6.30613560558303 6.3049858997756 6.3008916171449 6.29986258234772 6.29618054250939 6.29258256621419 6.2926077032234 6.287585493526 6.2849125304456 6.28472594091949 6.28264983815496 6.27873555468113 6.27595247774213 6.27342631870187 6.26923083309535 6.26752787539531 6.26702754163863 6.27224741239371 6.28057514887685 6.29400613519299 6.31005252893777 6.32238805885082 6.32826405425243 6.33599503792692 6.34149844531711 6.35297596485977 6.35376371522191 6.35281340086982 6.35352536374982 6.35591532530916 6.36148625114211 6.36812465211291 6.375444897605 6.385658122644 6.39968272608619
6.3542618913213 6.34714997978692 6.34537812605853 6.33896916249935 6.33665125980215 6.33496281652117 6.33520576203791 6.33581386944311 6.33589670622086 6.33090221274672 6.32898509680444 6.32368664003875 6.31905610503514 6.31471604503879 6.31075981379922 6.30714088923118 6.30597013130843 6.30391527381142 6.30278526186127 6.3006542418677 6.29687962630845 6.29476523043349 6.2902445421985 6.28703739919089 6.28827493100067 6.28406619393723 6.28393803862548 6.28468839059491 6.28065466231342 6.27466596965903 6.26916996260935 6.26668089861141 6.2623039219025 6.26061530371187 6.25991738803685 6.26278555910523 6.2738732369259 6.28900135207514 6.30412577320334 6.31956471931965 6.32793311744533 6.33461836330458 6.34324858461104 6.35171902609046 6.35066872443649 6.34911463840528 6.34909989346049 6.35132848274952 6.35628338231708 6.36332345697006 6.36795203980932 6.37566294932278 6.38970443787464
6.35522920221072 6.35387164635294 6.34685283669472 6.34558609095802 6.34190193780449 6.34192633370434 6.34098620014875 6.33916719768813 6.33274142672816 6.32674319748602 6.32323349748516 6.31997754767978 6.31446398125281 6.31142962753945 6.30772915854161 6.30608525642648 6.30167953009565 6.30149111130302 6.30029671812953 6.29885953540153 6.29426634895845 6.29241823593122 6.28931364986681 6.2874443107972 6.28425368997324 6.28572555515017 6.28358599987408 6.27923081546168 6.27572751337782 6.27066543777948 6.26450019725655 6.25932049047106 6.25659728645142 6.25253183357685 6.25248267591177 6.25433660775356 6.26670899439082 6.28269608363848 6.29949952984011 6.31381425725468 6.3219900084182 6.33350460607853 6.34084190990782 6.35181792081927 6.3471351725535 6.34567897545967 6.34517521477951 6.34577369766032 6.35028712502346 6.35584944567205 6.35941407715927 6.36701998193284 6.37821539368153
6.36095740364978 6.3560624310589 6.35224890755784 6.35018155107696 6.3499600923945 6.34911274058108 6.34356020095793 6.33829649908248 6.33361203261787 6.32860406689739 6.32394896638525 6.31964156898014 6.31567095209521 6.31202088763318 6.30715721367619 6.30393231095481 6.30255702268853 6.30018959479463 6.29653619629896 6.29469887102715 6.29374796421636 6.29209014483432 6.28997693286228 6.28550849238198 6.2836983500116 6.28454174037795 6.28086496022183 6.27570980004418 6.27002367670976 6.26520812244947 6.26066476500345 6.25457008496542 6.25187290137503 6.24960983443628 6.24579406787744 6.24501991846826 6.25760654454531 6.2764241261193 6.29808347132151 6.31348700836444 6.32501163455049 6.33390359796881 6.34389935130797 6.34995347193877 6.34872560813027 6.34366112911916 6.34257988818306 6.34320115272253 6.346515990821 6.35076896926004 6.34805746771965 6.35159980059963 6.36349654607103
6.36319577861975 6.36056306172461 6.35970446522539 6.35922249149175 6.35483065363645 6.34826227809302 6.34506420661385 6.34152274443479 6.33385446231235 6.33158715241144 6.32705177726432 6.32215479759584 6.31550802623063 6.30931818328336 6.30490872987482 6.30218034605415 6.30225597109009 6.2967392596033 6.29152920579706 6.29030647568053 6.29039676452159 6.2859381198788 6.28314833233701 6.28312819503076 6.28124509398867 6.27970543691629 6.27617084118673 6.27054704883279 6.26442402943005 6.26108442160816 6.2586807845854 6.25467176423579 6.24960720058731 6.2480820016184 6.24541730468265 6.24573583533906 6.2502953784436 6.26986421955548 6.29427564482396 6.31553125241307 6.32949539107407 6.34152984069484 6.35293903080538 6.35421843491871 6.34970674723966 6.34390863432532 6.3401803082883 6.33969929239633 6.34206457107368 6.34234365204571 6.337105596236 6.34495368458317 6.35439487601353
6.37147473424876 6.37035244592081 6.368691643492 6.36316814401146 6.35793001139156 6.35301270316384 6.34836148676037 6.34405115234313 6.34006680961495 6.33453506543771 6.3268269619004 6.31953196433988 6.31267314053629 6.30682605193879 6.30335870608315 6.30512947334024 6.2993315648801 6.29371669906473 6.29180303513576 6.28880449382884 6.28344103171101 6.28426567785268 6.28414827744797 6.27909515409674 6.27477901774564 6.2706054117275 6.26660302012304 6.26406182429156 6.26049554428205 6.2569042171052 6.25526122658133 6.2523881557868 6.24755815920471 6.2433255984277 6.24044447144678 6.24077503626447 6.24583595671319 6.26303568509437 6.28855617343028 6.31478309414463 6.33751348390531 6.34765419546398 6.36714836046064 6.36828187530792 6.3577417749157 6.34387202839765 6.33886453417295 6.33636788721312 6.33653051773987 6.33629463967196 6.32967225809614 6.33761857617373 6.34880494711204
6.38198945363075 6.37912383983943 6.37420574204752 6.37058125703556 6.36401459746636 6.36034346967063 6.35567433345089 6.34849795741944 6.34094956188717 6.33265476097997 6.32473249654521 6.31729244802666 6.31020530258148 6.30493348853483 6.30868527659127 6.30422428635471 6.29795533704914 6.29204775362376 6.28844908649936 6.28539535065636 6.28392297024542 6.27984748636584 6.2796780715199 6.27503031944724 6.26927282149924 6.26635256228563 6.26382141951388 6.26109788855002 6.25767777674541 6.25421510794336 6.25031357748606 6.24465151640665 6.23990194692621 6.23426743260438 6.22927860684149 6.23477802303858 6.24128192889932 6.26020016080443 6.28327084566604 6.31185426355535 6.3269941992574 6.35903655871586 6.37095064040595 6.37626864469566 6.35492605730373 6.34252803796027 6.33903642052221 6.33534064233204 6.33374158800498 6.33522724515451 6.33522456418883 6.33668761931742 6.34417968477876
6.38614213039588 6.37873330926651 6.37164489823627 6.37220297824022 6.36334143806352 6.3541462826913 6.34850481187451 6.34768870917046 6.33968105975581 6.33134003539939 6.32321113986269 6.31547236528798 6.3088373500138 6.31020425894816 6.31064705371472 6.30371594189861 6.29715991450814 6.2914202499347 6.28869012093702 6.28401618338153 6.28084042076196 6.27480963947696 6.27501759601336 6.2699370407796 6.26548608830454 6.26213628164841 6.25655387971279 6.255301365696 6.25344207291322 6.25119378668084 6.24560731064415 6.24004546187056 6.2352675800144 6.22940198752854 6.22804010635095 6.2336029614898 6.24257258755355 6.25376722538859 6.27736244331179 6.30018982395944 6.32452969456765 6.33984893506549 6.36021321588409 6.36445528654722 6.35646350947403 6.34339348704713 6.34002287590201 6.33544026161456 6.33110481795708 6.33172333969482 6.32747365267302 6.33240298332802 6.34864893578174
6.38853620784973 6.38297818549181 6.38241469293527 6.3726950283588 6.36312629372502 6.35460023531106 6.35436798139077 6.34623691277048 6.33722314219975 6.3304318032528 6.32208417016467 6.31456132705835 6.31254787536768 6.31373212964293 6.3087213430617 6.30108541240878 6.29419088598385 6.29053932014251 6.28440133952192 6.27984730539871 6.27825526486369 6.27341540854969 6.26814273642514 6.2638472138468 6.26255767396755 6.26051120296382 6.25765436022606 6.2538535071567 6.25000196487485 6.24750419380877 6.24281721245759 6.23865763473334 6.23577640361283 6.23226865640612 6.23092142382198 6.23243166400455 6.23493346245209 6.25163945393848 6.27190848270248 6.29478834035271 6.32104414774503 6.33819177958968 6.3432598445091 6.3504960605767 6.34460960289502 6.34758358465757 6.34195677837012 6.33577080856282 6.3316847491838 6.32940273045904 6.33015611026133 6.3334446603584 6.34718888120001
6.3908536210717 6.38270622058962 6.3763367291818 6.37189995608148 6.36339314149975 6.3634494503109 6.35372762700262 6.34423535718733 6.3360409063511 6.32714348304982 6.32146234597601 6.31447948931032 6.30936958052505 6.30459551993795 6.30153869369926 6.2978593234015 6.29519879904714 6.28918654725142 6.28464589455958 6.27838780111376 6.2726856622403 6.2684527998782 6.26263156401295 6.26057525250773 6.26017570160031 6.2591002128616 6.25431198403862 6.24953364221399 6.24772121743492 6.24241041166472 6.24149788819859 6.2387472301643 6.23734504264403 6.23500041409287 6.23405245028446 6.23382007228113 6.23560960627162 6.24917532792815 6.26941338865724 6.28875969408689 6.3117819423902 6.32797614824347 6.33589286284186 6.33489782623244 6.34642413653465 6.34457788797267 6.34261421417447 6.33699268570843 6.33189007987903 6.32940968280317 6.33188198177857 6.33984035903352 6.35022377127111
6.39558539814872 6.38753623820832 6.37963746025093 6.37192000867491 6.36788439315255 6.36235925174149 6.35245381685811 6.34475575578572 6.33698722703018 6.33016881831874 6.32138630776626 6.31964509719014 6.3145362782687 6.30824633415113 6.30319043166162 6.30111164852222 6.29326851210408 6.28578248732464 6.27954978505405 6.27268789309924 6.26945710920176 6.26690355252438 6.2618174185824 6.25826114771687 6.25839373054129 6.25464366103086 6.25060940954331 6.24746023713315 6.24405257027669 6.23892645614074 6.23666922902319 6.23767502048728 6.23726762730074 6.23494014315655 6.23232030763957 6.23637628138394 6.2382622985062 6.25232725498846 6.26684919347737 6.28310263472468 6.29895779594362 6.31203659834448 6.31883664527558 6.33392068870953 6.33960417137351 6.34120368594577 6.34266330341351 6.33739919112967 6.33344396519612 6.33156980776106 6.33392252496748 6.34096120358088 6.34240554026995
6.40243816276606 6.39444311653119 6.38557927215071 6.37888122396823 6.3713745587484 6.36174670531389 6.35462228755397 6.34478348973725 6.34017633304647 6.33088728501106 6.32700823345725 6.3197141729124 6.31283415957814 6.30628870390361 6.3026552620198 6.29460106073463 6.28794425657763 6.28121238704459 6.27379079395487 6.27211343193039 6.26714808038743 6.26021032217378 6.26001831414126 6.25374780147447 6.25373508676322 6.25082583658019 6.25003096300317 6.24629122442394 6.24088137401684 6.23657201502712 6.23965706776555 6.23602404987871 6.23420059343226 6.23287000096145 6.23129748197854 6.23048636364566 6.24190405542492 6.25219376296261 6.26528618539444 6.27867866193063 6.29444670479403 6.30586372119791 6.32059803090146 6.33859301461568 6.33615690406618 6.33504960813662 6.33981002719879 6.33733238221844 6.3349961819045 6.33090509680062 6.33162127710677 6.33810980037091 6.34479538186378
6.39397444984036 6.38973980020493 6.38703282473498 6.37744199298509 6.36850236246052 6.35946889506344 6.35066265823628 6.34449973205962 6.33865022254299 6.33312907834132 6.32731596098497 6.32123723516654 6.31285608386361 6.30889883671859 6.2999292272434 6.29240538094872 6.28406680956405 6.27606992581322 6.27213136117538 6.26517728615244 6.26469417444144 6.258437891156 6.25216255695123 6.24828275686026 6.24813573644869 6.24374681896735 6.24538297249865 6.24208991917528 6.23821100894834 6.23388911499114 6.23103083249304 6.22806714349091 6.2287584245629 6.2262476806933 6.22753634274139 6.23250995331429 6.2422520218582 6.2521103449853 6.26160579242498 6.27396324670435 6.29041835735742 6.30450576683468 6.32022212012253 6.33107397833452 6.33239634912568 6.32896132366239 6.33586012512339 6.33330440292526 6.33245955013726 6.33023331872623 6.32854024249787 6.332012386947 6.33946692810346
6.40100224660696 6.39273066737585 6.38595059229136 6.3799685837831 6.36975168398638 6.36121302544874 6.35387457113363 6.34923038995187 6.34383244523102 6.3342038604273 6.32483981060256 6.3157689050247 6.31460972817463 6.30632259347986 6.29879185064542 6.2920902429927 6.28484198291816 6.27792806119073 6.27255951498921 6.26860192921915 6.26409320419923 6.25642609965345 6.24908904986399 6.24690715158859 6.24700612918711 6.24594168793246 6.24125892635361 6.23733849473843 6.23174425288534 6.23125393501007 6.22903734541563 6.22607538390149 6.22459291663366 6.22675919322592 6.22825290119397 6.23481361815704 6.24206509333283 6.24840148759164 6.25694726216704 6.26777758875438 6.28307806186943 6.3016954911566 6.31687579767344 6.33081883350469 6.32806735632715 6.32665630132539 6.32382951077646 6.33038126687621 6.32627473541251 6.32583301373113 6.32611970932648 6.33020065265915 6.33805829546675
6.40065792701558 6.39974266394534 6.3934131610764 6.38444753515104 6.37371493738793 6.36737981807241 6.36366870085727 6.35478030324776 6.34663775599101 6.33686844395213 6.3273463768717 6.32155059451348 6.31280750257563 6.30301861371039 6.29354823146604 6.28949265028399 6.28107239916797 6.2809122480266 6.27418117811226 6.26662371832218 6.26178529863168 6.25615361148431 6.25093631735922 6.24679740303575 6.24192597391763 6.24382819807183 6.23772678961956 6.23438720205324 6.23162633747889 6.22966846360539 6.22557437851799 6.22319230362853 6.22230236973287 6.22508141927022 6.22781102616277 6.23413500593694 6.2378455573146 6.24356940229155 6.25057406024645 6.26069823876107 6.2752182690323 6.28937810271472 6.30183901792516 6.31096180975423 6.31093497541864 6.31777207640149 6.31933440673863 6.31542189961062 6.32078385432061 6.32278829299672 6.32128732286992 6.32283352532864 6.33024867514506
