intermediate_files/rent.ag
NCOLS 176
NROWS 399
XLLCORNER 436888
YLLCORNER 4612673
CELLSIZE 100
NODATA_VALUE -9999
[rows 322 to 344 of 399, columns 53 to 105 of 176]
-9999 -9999 -9999 -9999 -9999 -9999 -9999 -9999 -9999 -9999 -9999 6.1720473162564 6.16796040565215 6.16294195176162 6.16104687032609 6.15656157225666 6.15248830753828 6.15890544429858 6.16579275897714 6.16908574934959 6.1682730252521 6.16765168947392 6.16993845241453 6.17544160129036 6.17832855422949 6.17765058032323 6.17451040450241 6.17167763183721 6.17304979346189 6.17179367111976 6.17492729479019 6.17912861663493 6.18533550959077 6.1846023628185 6.18125052410517 6.17654777157854 6.1747493202003 6.17054605673849 6.16870358066923 6.16913600629678 6.16970147589755 6.16866330905498 6.16564534116633 6.16292231166727 6.16045655913335 6.16179674840787 6.15957764561746 6.15834662874788 6.15830680486456 6.15965805824255 6.16110332024131 6.16013007651055 6.15904967266239
-9999 -9999 -9999 -9999 -9999 -9999 -9999 -9999 -9999 -9999 -9999 6.16469567666828 6.16517823774487 6.16015715890969 6.15921486125394 6.15683942885325 6.15529519533862 6.16065209682704 6.161628333646 6.16421538390655 6.16757029230574 6.17013326261395 6.17349634777707 6.175162423383 6.17330651507651 6.17013257473193 6.16929579816645 6.17421516301711 6.17735659888751 6.17599935185266 6.17877728476677 6.18299104077378 6.18414314798668 6.18198471621052 6.18061014840598 6.17712522020275 6.17285790689626 6.17056937624142 6.16678176548492 6.16480734369469 6.16620112631141 6.16906126943605 6.16601551188667 6.16326719285438 6.16077970385283 6.15970513302903 6.15938851500224 6.15858260738452 6.15667323668929 6.15498385634828 6.15600894063873 6.15713108776375 6.15834743032191
-9999 -9999 -9999 -9999 -9999 -9999 -9999 -9999 -9999 -9999 -9999 6.15810974785124 6.15960514117035 6.15493802719453 6.1559613837717 6.15739752613237 6.15610635153387 6.16248789923325 6.16574219794107 6.16892432124939 6.17229843008956 6.17203012535951 6.17295696463564 6.17447731280826 6.17225837022917 6.16921464186504 6.1727721299428 6.1777127503576 6.18184124762789 6.18038101819001 6.17999823066935 6.17808418094739 6.1831025679469 6.17766901719797 6.18046614872307 6.1778077557327 6.173511666755 6.16963021439697 6.16677393128422 6.16346583262398 6.16054940890155 6.16400758331804 6.16646282089435 6.16368176439576 6.16116499511326 6.15936640062503 6.16015423258895 6.15808836919 6.15619590232302 6.15445544359876 6.15353453456379 6.15312738334338 6.15499316243928
-9999 -9999 -9999 -9999 -9999 -9999 -9999 -9999 -9999 -9999 -9999 6.15414027487936 6.15486929424817 6.15315226290411 6.15303298717564 6.16003230357698 6.15841049254878 6.16441731995859 6.1706071781185 6.17381079548641 6.17347196602987 6.16954500104955 6.16800881652773 6.1753706830533 6.17515762501735 6.1730833173137 6.17639090846507 6.18135911456134 6.18046667278198 6.18292192259066 6.18360339181375 6.18245688279648 6.18231458222953 6.18074155199436 6.18020458462211 6.17859716506924 6.17426473708174 6.17034507350075 6.16680332153877 6.16360382004505 6.16071119530649 6.15929748451003 6.16208966565231 6.16204055232054 6.16161628365292 6.15929822113782 6.1573265275187 6.15811653017059 6.15651834735043 6.15475665901041 6.1531335272897 6.15228397292553 6.15087714563739
-9999 -9999 -9999 -9999 -9999 -9999 -9999 -9999 -9999 -9999 -9999 6.15457015560609 6.15218526952737 6.15158333438928 6.15040329457725 6.15708115572728 6.16126214593583 6.16644534678183 6.17323588570638 6.17052221063827 6.17338436967235 6.1674019277458 6.1686490086103 6.17594350923495 6.17263789582191 6.17711268363991 6.18016420867904 6.1796659041458 6.18338124865459 6.18728149755467 6.18827892205421 6.18703347144566 6.18399887916104 6.1800825147496 6.1805311849158 6.17928636716509 6.1751198973458 6.17115485185602 6.1673819089894 6.16391309954914 6.16138791934484 6.15975185722203 6.16117552265339 6.1628100736189 6.16213812317098 6.15978059392003 6.15763314478764 6.15566996226947 6.15386904220184 6.15221254129711 6.15345467460422 6.15193431867303 6.15114608637111
-9999 -9999 -9999 -9999 -9999 -9999 -9999 -9999 -9999 -9999 -9999 6.15027852012194 6.14873952118533 6.15234335335784 6.15356187931129 6.15716855939569 6.16220648064069 6.16857735958097 6.16948899254761 6.17410276772761 6.17267184341869 6.16677925285622 6.16939581709386 6.17556118855563 6.17404746927595 6.17805527678419 6.17875555046736 6.17774117674721 6.17866252056303 6.17973000806794 6.18356131563455 6.18229680323108 6.18093231871937 6.17605317912388 6.18073783613535 6.17582300299935 6.17588781575764 6.17162455084197 6.16776120230976 6.16451205667913 6.16214256338945 6.15943678353171 6.15697934164546 6.15891944529357 6.16028667931266 6.16033205746153 6.15814281201835 6.15614207273304 6.15430742561223 6.15262022772186 6.15106580400191 6.1496334965676 6.14831656784208
-9999 -9999 -9999 -9999 -9999 -9999 -9999 -9999 -9999 -9999 -9999 6.1520889162888 6.15319085152425 6.15444143281756 6.1558430569975 6.15846935841341 6.16429013762776 6.16579590827018 6.16617173703847 6.16701851445903 6.1675596507704 6.16665335722382 6.17024940619827 6.17564811444775 6.17134647393236 6.17575297930988 6.18302922970548 6.18061224142265 6.17860157847249 6.18292229797794 6.17898810140005 6.17816998962876 6.18033345238629 6.17676943611155 6.17850486111934 6.17613084397588 6.17385948594014 6.17144536846756 6.16823326669598 6.16602136005709 6.16298051949129 6.1602215755725 6.15771456664095 6.15543157545378 6.15568587422348 6.15764496795334 6.15872136437143 6.1566769739784 6.15480269414351 6.15307920116995 6.15149078300145 6.15002540461941 6.1486746379812
-9999 -9999 -9999 -9999 -9999 -9999 -9999 -9999 -9999 -9999 -9999 6.15191255204195 6.15494028021896 6.15820018719538 6.15939153489035 6.16077642145547 6.16054031911806 6.16314017575915 6.16287046348378 6.16303449518791 6.16658696063576 6.16592069787929 6.17121063903336 6.17540581894561 6.17085511822208 6.17350150602772 6.17633252901358 6.17933070942775 6.18249838367433 6.18063291213578 6.17880470603965 6.17856790558394 6.17901374627569 6.17475709073116 6.17268283342763 6.17235953793563 6.17195763702838 6.17142235641466 6.1681646787661 6.16480429009586 6.16196338711621 6.15900037184041 6.15727937412123 6.15619157109176 6.15405946699828 6.15271196061277 6.15382773645416 6.15360506885298 6.1553497127052 6.15359756350701 6.15197056930084 6.15046823742378 6.14908066944325
-9999 -9999 -9999 -9999 -9999 -9999 -9999 -9999 -9999 -9999 -9999 6.15603472974742 6.15704930274176 6.15584177589072 6.15757520716786 6.16038504290114 6.15786539447936 6.16062158121362 6.16582210465449 6.1671978054957 6.17080042377133 6.16567353833861 6.17228099654085 6.16929883491421 6.17122826714886 6.17172581010877 6.17861139479568 6.17999486117737 6.17529593317268 6.17716349108445 6.17932260179534 6.1790813266276 6.1797221132779 6.17453025980049 6.16970465981981 6.16531327898572 6.1678451185527 6.1683983553719 6.16463646526384 6.16325067949163 6.16252972492636 6.15951812969965 6.15676806490316 6.1542493333893 6.15193444124971 6.15242737113032 6.15100543874676 6.15240973091363 6.1549742871861 6.15418342589813 6.15251369810657 6.15097097174517 6.14954408627783
-9999 -9999 -9999 -9999 -9999 -9999 -9999 -9999 -9999 -9999 -9999 6.15380761113806 6.15165608649778 6.15480136943915 6.16005552292687 6.1590009094921 6.16157769278636 6.15919046212045 6.16538726563269 6.16690732523634 6.1711897941376 6.16678199167195 6.16876481750499 6.17201435433901 6.17191435222205 6.1699033152125 6.17737640405347 6.17392378780991 6.16950705595153 6.16923860089203 6.17258753541226 6.17576998750487 6.17585448511401 6.17432155571775 6.16959341844994 6.16519822794891 6.16403957828865 6.16278375932296 6.16372570178673 6.16167849647933 6.16034078924621 6.15931748935929 6.15731971959838 6.15475166950765 6.15315684262803 6.1536521861485 6.15176462690957 6.15002779108672 6.14986144015273 6.1524706659323 6.1531285233332 6.15154224922639 6.1500737923883
-9999 -9999 -9999 -9999 -9999 -9999 -9999 -9999 -9999 -9999 -9999 6.15684008373584 6.15582247248193 6.15814111955797 6.16064681200383 6.16334354056463 6.16546432092753 6.16296830751318 6.16309730723197 6.16908801028807 6.16820071990586 6.16808370403113 6.17311095634257 6.1764022855323 6.17233101256357 6.16804751537856 6.17285882385093 6.16831756771484 6.16416385404827 6.16746976065318 6.16637986829244 6.17098662807784 6.17154501669948 6.17432061351478 6.16949892944975 6.16509900870335 6.16116122300967 6.15866624127213 6.1576020337936 6.1596896201836 6.15901930879834 6.15607345592755 6.15336797242455 6.15416030053961 6.15292229640497 6.15116064479953 6.1508370828486 6.15062322335674 6.149165976547 6.14764338519266 6.15011409541551 6.15080554464013 6.15067819662038
-9999 -9999 -9999 -9999 -9999 -9999 -9999 -9999 -9999 -9999 -9999 6.16001444009584 6.15997743422828 6.15999093733354 6.16515040880741 6.16790270101781 6.16953573226473 6.16692987407262 6.16618377103508 6.16878389220768 6.16911258356977 6.16949398313696 6.17616918390806 6.17860846284187 6.17286064220967 6.16759073285628 6.16742106565252 6.16314163175878 6.1624188380113 6.1639295243464 6.16710195291957 6.16438237227922 6.16442985776977 6.16777646186423 6.16583017446272 6.16351915261196 6.16114375001709 6.15752418013126 6.15413810817615 6.15360466027013 6.15572756409239 6.15661761383669 6.15545445690084 6.15600515618127 6.15353703872762 6.15125699638901 6.14914320047503 6.14717693197396 6.14598829773984 6.14841517602343 6.1469626078126 6.14788199728185 6.14948966822947
-9999 -9999 -9999 -9999 -9999 -9999 -9999 -9999 -9999 -9999 -9999 6.16258641725813 6.15989340931365 6.1627758860913 6.16823277771187 6.17268720785432 6.17380078720486 6.17108495560572 6.1707978123977 6.16635085809433 6.17138414649955 6.16936757299855 6.17141314996863 6.17259001190105 6.17059875731387 6.1668130462623 6.16337386384798 6.15894781868254 6.16178712367486 6.16350254306228 6.16082185345309 6.16004222322721 6.16123670784664 6.16106340901794 6.16173492185077 6.16025318065012 6.16018839440324 6.15764493649947 6.15473042515474 6.15539667375842 6.15617293987347 6.15615284290034 6.15440546016644 6.15282112712372 6.15138703706633 6.15009188490329 6.14892584368098 6.14772201615589 6.14694878474068 6.14612481659614 6.14777408774528 6.14889532975478 6.15094973437409
-9999 -9999 -9999 -9999 -9999 -9999 -9999 -9999 -9999 -9999 -9999 6.16682751969212 6.16326325469774 6.16569907790777 6.1712304198711 6.1771379611548 6.17717271152288 6.17314039837272 6.17285475186402 6.17049491113537 6.17131130021618 6.16901930565229 6.16679898931753 6.16697898921083 6.16435883401529 6.16341438137432 6.16368995455812 6.15961614048142 6.15984008471246 6.15761112288001 6.15678528679498 6.15645580718875 6.15625582004499 6.15618194024187 6.15789610482783 6.1564011459045 6.15668948488481 6.15709433156164 6.15439774733328 6.15429544969991 6.15279485412281 6.15096268121212 6.14928924005899 6.15104261225498 6.14999439239708 6.14770444726028 6.14795421532418 6.14835348061645 6.14642147646270 6.14670568588893 6.14854106496268 6.14940604018222 6.15154786453408
-9999 -9999 -9999 -9999 -9999 -9999 -9999 -9999 -9999 -9999 -9999 6.17048324016479 6.16803851945823 6.16973815402528 6.1743760292474 6.17774351153608 6.17504778454654 6.17186574203931 6.16893996895033 6.16625757290152 6.16937462454479 6.17056642564197 6.16872902887178 6.16708183937009 6.16561622438443 6.16346699341961 6.16304373136478 6.16038144168983 6.16141655749325 6.16074929825862 6.16022396254483 6.15983597190444 6.15958126660096 6.15816487244652 6.15428994738124 6.15532541696977 6.15656346910032 6.15408190203577 6.15459064790206 6.15136464713843 6.14868107980232 6.148677698589 6.1487341652769 6.14889729597838 6.14916569681656 6.14953819627993 6.14890242994292 6.14815388514429 6.14709459947593 6.14843224041299 6.14968383101085 6.14924719150098 6.15098197758902
-9999 -9999 -9999 -9999 -9999 -9999 -9999 -9999 -9999 -9999 -9999 6.1743147180396 6.17317888316287 6.17490645985819 6.17679791709139 6.17250014009686 6.16720232765086 6.16427200919902 6.16376914070888 6.16401083092455 6.16995316710223 6.17200447348898 6.16669364600949 6.16430990618299 6.16175299451976 6.16255906352885 6.16579435763978 6.16142325205807 6.16519550988436 6.16445996449348 6.16387041244124 6.16313491476165 6.15870388293405 6.15517594488951 6.15421010036375 6.15338291495193 6.15268854991615 6.1521218859792 6.1538508493331 6.15166792471821 6.14869270889444 6.14586315430696 6.14406168791929 6.14476164519288 6.14537575334916 6.1450059329538 6.1467441413647 6.14697261511817 6.14857482409473 6.15028209209895 6.15079634815104 6.15103620574987 6.1527556996531
-9999 -9999 -9999 -9999 -9999 -9999 -9999 -9999 -9999 -9999 -9999 6.17747416263675 6.17441339787023 6.17537384073572 6.17349356660193 6.17000959746886 6.16931088268729 6.16876468342732 6.16836749208459 6.16811626286515 6.17192943992695 6.1676950396103 6.16352024375492 6.16014013185939 6.15614642851462 6.16176886496394 6.16681521006671 6.16377242742005 6.1684492783638 6.16839141428825 6.16417087427348 6.16070147424043 6.15772319887023 6.15460418902089 6.15173157160763 6.14908273494262 6.14743069701133 6.1502803573515 6.15276569519839 6.15206225386716 6.14897596222051 6.14609921400786 6.14340531378314 6.14367289111754 6.14483730061935 6.14610950804407 6.14747834172235 6.14825882585203 6.14873992229953 6.15033724657262 6.15202327576047 6.15044393016137 6.15012080247165
-9999 -9999 -9999 -9999 -9999 -9999 -9999 -9999 -9999 -9999 -9999 6.18252734615927 6.17849925018202 6.17702272314924 6.17594048982901 6.17502338590394 6.17426700631274 6.17366738831054 6.17322100649166 6.17067644432365 6.1680320723423 6.16403307788205 6.15950795673617 6.15654892496826 6.15500561014387 6.16109232114751 6.16764532283035 6.16626794787256 6.1693858004262 6.16550435902821 6.16061932053316 6.15612790337958 6.15268059569656 6.14971983787194 6.14698351469464 6.1444493281127 6.14231981312886 6.14514588596563 6.14861441655752 6.15203753564003 6.14941145401512 6.14648187195708 6.14480380525073 6.14585205293211 6.14700804097947 6.14827163407831 6.14901331636403 6.15039043462016 6.1505440597667 6.15193265803995 6.1533715861023 6.15173957767989 6.1513173216494
-9999 -9999 -9999 -9999 -9999 -9999 -9999 -9999 -9999 -9999 -9999 6.18524188203592 6.1827779323183 6.18242152223844 6.18127428359836 6.18029597140999 6.17948229072094 6.1745220044468 6.1694379096721 6.16885608494427 6.16368903277151 6.15914193505382 6.15517830707214 6.15353749723956 6.15555669421838 6.16052613793743 6.16700978600597 6.16598703101368 6.16350699644039 6.16001296469988 6.15679008948743 6.15294106046121 6.14893149528225 6.14522395264282 6.14460417363937 6.14403832142824 6.14350897978026 6.14380900448693 6.14482215517462 6.14676858653896 6.14994338560667 6.14695866652072 6.14714356352215 6.14818264966079 6.14932971392491 6.15058456933285 6.15130527065001 6.15267245974359 6.15279231643248 6.154168514814 6.1548483090276 6.15316077866197 6.15160132116637
-9999 -9999 -9999 -9999 -9999 -9999 -9999 -9999 -9999 -9999 -9999 6.19103334951093 6.18725261220712 6.18653539919005 6.18531221878154 6.17928561913828 6.17368586681823 6.17006511350044 6.16735890460318 6.16486963702414 6.16204806223958 6.1604980483722 6.15859430198658 6.15686537807557 6.15570770637175 6.1613610861202 6.16517252504819 6.16578561262628 6.16136937867377 6.15729225384405 6.15352744448961 6.15004760141998 6.14682549625636 6.14590949316307 6.14586441223602 6.14592817545277 6.14610023891343 6.14638030392722 6.14676825247416 6.1476909750522 6.14809694899835 6.14860466024062 6.14939955179557 6.15032747601384 6.15136333445979 6.15250690677416 6.15278566215 6.15394012209119 6.15204446501687 6.14992405581238 6.14986244350226 6.15096124308823 6.15310197611107
-9999 -9999 -9999 -9999 -9999 -9999 -9999 -9999 -9999 -9999 -9999 6.1962743987496 6.19162509292495 6.18785648045058 6.18405914665278 6.18052354192285 6.1753275657589 6.16951339547025 6.1663370853522 6.16312663567098 6.16112553393840 6.16421919701026 6.16222182819924 6.16040367764261 6.15875586476784 6.15971527415201 6.16329432591102 6.16571861771822 6.16048923879834 6.15566867837682 6.15204660519547 6.15118464999256 6.14895248167218 6.14809068297053 6.14811972922337 6.1482596606873 6.14850996958253 6.14887034892165 6.14934063611925 6.14992076089143 6.1506106987321 6.15126151621674 6.15189589029392 6.15260700353307 6.15400768522243 6.15435366878246 6.15538840880173 6.1557249391562 6.15339220664742 6.15121348569369 6.14952066239599 6.15253612295344 6.15473868161374
-9999 -9999 -9999 -9999 -9999 -9999 -9999 -9999 -9999 -9999 -9999 6.19179612256192 6.18904412228369 6.18967829396793 6.18272959942779 6.17748271601914 6.17422700016992 6.16883755799853 6.16937266749456 6.16708519832888 6.16498955030971 6.16674632505044 6.16362840418998 6.16074405788076 6.15835007343234 6.15929306771746 6.16066656175782 6.16255034517515 6.15747111317864 6.15611897385493 6.15528561516902 6.15243350500175 6.15123491917352 6.15112053884064 6.15112106489767 6.1512354385642 6.15146286591832 6.15180276500585 6.15225471572597 6.15281841373356 6.15222571854168 6.15412719408197 6.15474300479687 6.15543609265861 6.1562389683753 6.15543182506445 6.15750346901998 6.15664440573456 6.15487268917025 6.15263299183375 6.15122363333239 6.15425000711168 6.15445834889109
-9999 -9999 -9999 6.231197032998 6.22587899067236 6.22019465860232 6.21479974710656 6.21352042045734 6.21021907693882 6.20539551454655 6.20085076869304 6.19657890601444 6.19257301527006 6.18882537684691 6.18343218299092 6.17852039788784 6.17571823529802 6.17312916935975 6.17074393305863 6.16855347846758 6.16654907456242 6.16584443656545 6.16500218935914 6.16269220755469 6.16023262428978 6.15932355306674 6.16236165889379 6.16185988135215 6.16068217544394 6.15964944540716 6.15750286436128 6.15477411082167 6.1545059259933 6.15435760486296 6.15432751219328 6.15441432969058 6.154617008066 6.15493472037327 6.155366817838 6.15591278931964 6.15318823931463 6.15389084258652 6.15560770680438 6.1542726233981 6.15307212230644 6.15200025092101 6.15267771147617 6.15175591700246 6.14950844864337 6.15015150896913 6.14967595550689 6.1508961740106 6.15378784416279
